inst/extdata/suitability.asc
ncols        206
nrows        144
xllcorner    302881.295311500318
yllcorner    4379415.244138401933
cellsize     270.000000000000
NODATA_value nan
[rows 85 to 101 of 144, columns 78 to 116 of 206]
0.17959475517272949219 0.17483602464199066162 0.17219056189060211182 0.17357394099235534668 0.18037600815296173096 0.19053974747657775879 0.2014039158821105957 0.20977139472961425781 0.20877332985401153564 0.20044325292110443115 0.19090658426284790039 0.18062542378902435303 0.17269247770309448242 0.17365348339080810547 0.1852432936429977417 0.19991768896579742432 0.21326957643032073975 0.21949890255928039551 0.21680399775505065918 0.20052093267440795898 0.17664250731468200684 0.15601485967636108398 0.1434475630521774292 0.13563023507595062256 0.13266453146934509277 0.13416652381420135498 0.1336978226900100708 0.12963779270648956299 0.12324700504541397095 0.11567246913909912109 0.10984347760677337646 0.1086610257625579834 0.11249536275863647461 0.12221256643533706665 0.13443768024444580078 0.14353759586811065674 0.15007118880748748779 0.15425181388854980469 0.15886731445789337158
0.18151147663593292236 0.17537596821784973145 0.17096728086471557617 0.16999380290508270264 0.17300142347812652588 0.17895397543907165527 0.18604721128940582275 0.19139820337295532227 0.18981663882732391357 0.18255911767482757568 0.17462261021137237549 0.16600398719310760498 0.15852598845958709717 0.1568218618631362915 0.16322976350784301758 0.17173683643341064453 0.17916749417781829834 0.18286933004856109619 0.18279001116752624512 0.17413479089736938477 0.15943150222301483154 0.14795246720314025879 0.14455741643905639648 0.14437113702297210693 0.14747925102710723877 0.15314270555973052979 0.15476657450199127197 0.15046240389347076416 0.14122956991195678711 0.12890022993087768555 0.1178463473916053772 0.11147204041481018066 0.11022826284170150757 0.11639060825109481812 0.12551987171173095703 0.13224290311336517334 0.13674440979957580566 0.13928158581256866455 0.14231519401073455811
0.1934617161750793457 0.18352137506008148193 0.17472314834594726563 0.16966316103935241699 0.16781163215637207031 0.16956111788749694824 0.17371757328510284424 0.17654176056385040283 0.17426723241806030273 0.16746820509433746338 0.15997384488582611084 0.15181870758533477783 0.14427730441093444824 0.1402559131383895874 0.14260539412498474121 0.14676477015018463135 0.15043027698993682861 0.15277728438377380371 0.1548334956169128418 0.15218865871429443359 0.14524078369140625 0.14160659909248352051 0.14623561501502990723 0.15282326936721801758 0.16150166094303131104 0.17061400413513183594 0.17372485995292663574 0.16897761821746826172 0.15719619393348693848 0.14065796136856079102 0.12534685432910919189 0.1150023043155670166 0.10994143784046173096 0.11396993696689605713 0.12103205174207687378 0.12593005597591400146 0.1283817589282989502 0.12880207598209381104 0.12935702502727508545
0.21445861458778381348 0.1989523768424987793 0.18350221216678619385 0.17237684130668640137 0.16444677114486694336 0.1615581810474395752 0.16312097012996673584 0.16380156576633453369 0.16087640821933746338 0.15446527302265167236 0.14745688438415527344 0.13989312946796417236 0.13278910517692565918 0.12799039483070373535 0.12845094501972198486 0.13057528436183929443 0.13274027407169342041 0.13486304879188537598 0.13850194215774536133 0.13981914520263671875 0.1383349001407623291 0.14006237685680389404 0.15010778605937957764 0.16085919737815856934 0.17298479378223419189 0.18377734720706939697 0.18729329109191894531 0.18194442987442016602 0.16837257146835327148 0.14904128015041351318 0.13117286562919616699 0.11876391619443893433 0.11154963821172714233 0.11490509659051895142 0.12115038931369781494 0.12560607492923736572 0.12727953493595123291 0.12666444480419158936 0.12554688751697540283
0.24315162003040313721 0.22136190533638000488 0.19784392416477203369 0.1790733635425567627 0.16422250866889953613 0.15648688375949859619 0.15562666952610015869 0.1546681821346282959 0.15123061835765838623 0.1450681537389755249 0.13836075365543365479 0.13130044937133789063 0.12518243491649627686 0.12125578522682189941 0.12233195453882217407 0.1250025331974029541 0.12814320623874664307 0.1312252432107925415 0.13584406673908233643 0.13857533037662506104 0.13920424878597259521 0.14250890910625457764 0.15359592437744140625 0.1646651923656463623 0.17699630558490753174 0.18744219839572906494 0.19042068719863891602 0.18472789227962493896 0.17061710357666015625 0.15078218281269073486 0.13320958614349365234 0.12146396934986114502 0.11451557278633117676 0.11862310022115707397 0.12498209625482559204 0.12992832064628601074 0.13177378475666046143 0.13117052614688873291 0.12956158816814422607
0.26878872513771057129 0.24231670796871185303 0.21241961419582366943 0.18747636675834655762 0.16760279238224029541 0.15675723552703857422 0.15462043881416320801 0.15292656421661376953 0.14928451180458068848 0.14312024414539337158 0.1362549513578414917 0.1291316598653793335 0.1239329800009727478 0.1214629635214805603 0.12404888123273849487 0.12818667292594909668 0.13275295495986938477 0.13625906407833099365 0.14052556455135345459 0.14261741936206817627 0.14339977502822875977 0.1466299891471862793 0.15646700561046600342 0.16572652757167816162 0.17584936320781707764 0.18364118039608001709 0.1843541562557220459 0.17767193913459777832 0.16381491720676422119 0.14568288624286651611 0.13108178973197937012 0.12210746109485626221 0.11708522588014602661 0.1221761852502822876 0.12837792932987213135 0.13361306488513946533 0.13576637208461761475 0.13587106764316558838 0.13500443100929260254
0.28489071130752563477 0.25719603896141052246 0.22398126125335693359 0.1945419609546661377 0.17061786353588104248 0.15657007694244384766 0.15236897766590118408 0.14961625635623931885 0.14602676033973693848 0.14103257656097412109 0.13587959110736846924 0.13123169541358947754 0.12950164079666137695 0.13118834793567657471 0.13759113848209381104 0.14454372227191925049 0.15042626857757568359 0.15287385880947113037 0.1545384526252746582 0.15319736301898956299 0.15143953263759613037 0.15247039496898651123 0.15916493535041809082 0.16522768139839172363 0.17167608439922332764 0.17547185719013214111 0.17264735698699951172 0.1642389446496963501 0.15107122063636779785 0.13590770959854125977 0.12564910948276519775 0.12041658908128738403 0.11821760982275009155 0.1241059526801109314 0.12976691126823425293 0.1350901871919631958 0.13769286870956420898 0.1389090418815612793 0.13948930799961090088
0.28468367457389831543 0.25894314050674438477 0.22634181380271911621 0.19594709575176239014 0.17070317268371582031 0.15471830964088439941 0.14845530688762664795 0.14467972517013549805 0.14128190279006958008 0.13798239827156066895 0.13528577983379364014 0.13416159152984619141 0.13720716536045074463 0.14475938677787780762 0.15658870339393615723 0.16762314736843109131 0.17521217465400695801 0.17628854513168334961 0.17441487312316894531 0.16822607815265655518 0.16228142380714416504 0.15981268882751464844 0.16248570382595062256 0.16511927545070648193 0.16798646748065948486 0.16785828769207000732 0.16126076877117156982 0.15062688291072845459 0.13790914416313171387 0.12555114924907684326 0.11908935755491256714 0.1170833781361579895 0.1175036206841468811 0.12359631061553955078 0.12840662896633148193 0.13381366431713104248 0.13723364472389221191 0.14009742438793182373 0.14278486371040344238
0.26936256885528564453 0.24778182804584503174 0.21916311979293823242 0.19154873490333557129 0.1681689918041229248 0.15222334861755371094 0.14458703994750976563 0.14001947641372680664 0.13689436018466949463 0.13542693853378295898 0.13528256118297576904 0.13788731396198272705 0.14604590833187103271 0.15973551571369171143 0.17716149985790252686 0.1920699775218963623 0.20083847641944885254 0.20033794641494750977 0.1949513852596282959 0.18399305641651153564 0.17366941273212432861 0.16781085729598999023 0.16701212525367736816 0.16746978461742401123 0.16811782121658325195 0.16523365676403045654 0.1551875770092010498 0.14172469079494476318 0.1283925175666809082 0.11739781498908996582 0.1130797266960144043 0.11302510648965835571 0.11524999141693115234 0.12084344029426574707 0.12452221661806106567 0.1296892017126083374 0.1338237076997756958 0.13816507160663604736 0.14273218810558319092
0.24263647198677062988 0.22633172571659088135 0.20365339517593383789 0.18123841285705566406 0.16168965399265289307 0.14725515246391296387 0.13905009627342224121 0.13398198783397674561 0.13118401169776916504 0.13159704208374023438 0.13406382501125335693 0.1404679715633392334 0.15342836081981658936 0.17231976985931396484 0.19382184743881225586 0.2107352912425994873 0.2189550548791885376 0.21619218587875366211 0.20740456879138946533 0.19261403381824493408 0.17919139564037322998 0.17136855423450469971 0.16912406682968139648 0.16965056955814361572 0.17008888721466064453 0.16657690703868865967 0.15410552918910980225 0.13764570653438568115 0.12255776673555374146 0.1112842261791229248 0.10712691396474838257 0.10756540298461914063 0.11070850491523742676 0.11546363681554794312 0.11824104934930801392 0.12308775633573532104 0.12792254984378814697 0.13334941864013671875 0.13905543088912963867
0.20906718075275421143 0.19872087240219116211 0.18314994871616363525 0.16729852557182312012 0.15276126563549041748 0.14098493754863739014 0.13303464651107788086 0.12776005268096923828 0.12536455690860748291 0.12738783657550811768 0.13219578564167022705 0.14179146289825439453 0.15812230110168457031 0.17982605099678039551 0.20237672328948974609 0.21856269240379333496 0.22438026964664459229 0.21888683736324310303 0.2075036168098449707 0.19088125228881835938 0.17718181014060974121 0.17019090056419372559 0.17005011439323425293 0.17269976437091827393 0.17349819839000701904 0.17547461390495300293 0.16456355154514312744 0.14559181034564971924 0.12748833000659942627 0.11388053745031356812 0.10761337727308273315 0.10673771053552627563 0.10934028774499893188 0.11281382292509078979 0.11456827074289321899 0.11866021901369094849 0.12342315167188644409 0.12867245078086853027 0.13386365771293640137
0.17788960039615631104 0.17204488813877105713 0.16253916919231414795 0.15286353230476379395 0.14356039464473724365 0.13552783429622650146 0.12923575937747955322 0.1248776167631149292 0.12376584112644195557 0.12752352654933929443 0.13449516892433166504 0.14637799561023712158 0.16395415365695953369 0.18489050865173339844 0.20447072386741638184 0.21641883254051208496 0.21770659089088439941 0.20898002386093139648 0.19592656195163726807 0.18020960688591003418 0.16985537111759185791 0.16729967296123504639 0.17287059128284454346 0.18041001260280609131 0.18521484732627868652 0.19108235836029052734 0.18705946207046508789 0.16620486974716186523 0.14422911405563354492 0.12663999199867248535 0.116741180419921875 0.11357736587524414063 0.11498349905014038086 0.11730923503637313843 0.11845882982015609741 0.1216338425874710083 0.1257158815860748291 0.12959146499633789063 0.13249544799327850342
0.15597794950008392334 0.1510455012321472168 0.14457176625728607178 0.13874305784702301025 0.13334460556507110596 0.12893894314765930176 0.1253261268138885498 0.12327002733945846558 0.12508629262447357178 0.13175782561302185059 0.14168822765350341797 0.15541106462478637695 0.17219723761081695557 0.18892367184162139893 0.20170472562313079834 0.20637962222099304199 0.20161859691143035889 0.1898015439510345459 0.17654274404048919678 0.1643002629280090332 0.15962490439414978027 0.16374419629573822021 0.1769294440746307373 0.1900447160005569458 0.20116679370403289795 0.21182492375373840332 0.21365854144096374512 0.19330018758773803711 0.16889409720897674561 0.14810043573379516602 0.13505038619041442871 0.12979620695114135742 0.12962682545185089111 0.13063299655914306641 0.13086950778961181641 0.13287812471389770508 0.13602654635906219482 0.13821581006050109863 0.13852471113204956055
0.1459013819694519043 0.1380186229944229126 0.13105601072311401367 0.12640123069286346436 0.12327927350997924805 0.12178934365510940552 0.12113512307405471802 0.1225436478853225708 0.12889038026332855225 0.1399895399808883667 0.1541881263256072998 0.17003285884857177734 0.18494032323360443115 0.19536837935447692871 0.19894340634346008301 0.1945164799690246582 0.18334667384624481201 0.16890589892864227295 0.15658430755138397217 0.14871096611022949219 0.14933666586875915527 0.1590846627950668335 0.17844669520854949951 0.199625357985496521 0.21724362671375274658 0.2330090254545211792 0.2363313138484954834 0.21790342032909393311 0.19451405107975006104 0.17347405850887298584 0.15963578224182128906 0.15358944237232208252 0.15224801003932952881 0.15218161046504974365 0.15142598748207092285 0.1522868424654006958 0.1543544381856918335 0.15498514473438262939 0.15281555056571960449
0.14435666799545288086 0.13126729428768157959 0.12168195098638534546 0.11634215712547302246 0.11395379900932312012 0.1141813322901725769 0.11612566560506820679 0.12146788090467453003 0.13348650932312011719 0.15051014721393585205 0.17043954133987426758 0.18935614824295043945 0.20265492796897888184 0.20644906163215637207 0.20007030665874481201 0.18587426841259002686 0.16809830069541931152 0.15101078152656555176 0.13960374891757965088 0.13554315268993377686 0.13988433778285980225 0.15292465686798095703 0.1753062903881072998 0.20364369451999664307 0.22912877798080444336 0.24583952128887176514 0.24671477079391479492 0.23310802876949310303 0.21417522430419921875 0.19628052413463592529 0.18436074256896972656 0.17905847728252410889 0.17741540074348449707 0.17697279155254364014 0.1759557574987411499 0.17664577066898345947 0.17857134342193603516 0.17887482047080993652 0.17520049214363098145
0.15463346242904663086 0.13449186086654663086 0.12003009021282196045 0.11182104051113128662 0.10817463696002960205 0.10842505097389221191 0.11202144622802734375 0.12110573053359985352 0.13883833587169647217 0.16233889758586883545 0.1885105520486831665 0.21104252338409423828 0.223818168044090271 0.22320534288883209229 0.2097060084342956543 0.18876735866069793701 0.16731825470924377441 0.1494604945182800293 0.13959692418575286865 0.13813947141170501709 0.14312319457530975342 0.15463930368423461914 0.17346185445785522461 0.19841635227203369141 0.22261443734169006348 0.23864084482192993164 0.24288758635520935059 0.23552355170249938965 0.2233661264181137085 0.21128667891025543213 0.20383557677268981934 0.20110039412975311279 0.20066982507705688477 0.20092113316059112549 0.20018607378005981445 0.2011877894401550293 0.20354974269866943359 0.20479877293109893799 0.20128810405731201172
0.17004074156284332275 0.14345535635948181152 0.12389969080686569214 0.11230896413326263428 0.10651601105928421021 0.10565669089555740356 0.109758719801902771 0.12163876742124557495 0.14412191510200500488 0.17297692596912384033 0.20404708385467529297 0.22938556969165802002 0.24240140616893768311 0.24044792354106903076 0.22473055124282836914 0.20259454846382141113 0.18270088732242584229 0.16755270957946777344 0.16078397631645202637 0.16117501258850097656 0.16363252699375152588 0.16845126450061798096 0.17719335854053497314 0.19228173792362213135 0.20943233370780944824 0.22312860190868377686 0.22985851764678955078 0.22794994711875915527 0.22211076319217681885 0.21556711196899414063 0.2125940173864364624 0.21275439858436584473 0.21439832448959350586 0.216352120041847229 0.2167187035083770752 0.21856777369976043701 0.22190836071968078613 0.22498182952404022217 0.22277267277240753174
