inst/extdata/suitability.asc
ncols        206
nrows        144
xllcorner    302881.295311500318
yllcorner    4379415.244138401933
cellsize     270.000000000000
NODATA_value nan
[rows 0 to 16 of 144, columns 78 to 116 of 206]
0.010151829570531845093 0.010124278254806995392 0.010284871794283390045 0.010554833337664604187 0.010913172736763954163 0.011239234358072280884 0.011452092789113521576 0.011522075161337852478 0.011540497653186321259 0.011570544913411140442 0.011723226867616176605 0.011933763511478900909 0.012281725183129310608 0.012708704918622970581 0.012775880284607410431 0.012490543536841869354 0.012066426686942577362 0.011584957130253314972 0.01113819517195224762 0.010882325470447540283 0.010771050117909908295 0.010874584317207336426 0.011037099175155162811 0.011292323470115661621 0.011565065942704677582 0.011818070895969867706 0.012003362178802490234 0.012239829637110233307 0.012280923314392566681 0.012337165884673595428 0.012331575155258178711 0.012404660694301128387 0.012484609149396419525 0.01258673984557390213 0.012837183661758899689 0.013040539808571338654 0.013045102357864379883 0.012996808625757694244 0.012777575291693210602
0.01009381469339132309 0.010046224109828472137 0.010192802175879478455 0.010481514967978000641 0.010866877622902393341 0.011243701912462711334 0.01151971425861120224 0.011633852496743202209 0.011673588305711746216 0.011692517437040805817 0.011830015107989311218 0.011999058537185192108 0.012336415238678455353 0.012724359519779682159 0.012778026051819324493 0.012501710094511508942 0.012094777077436447144 0.011666893027722835541 0.011284450069069862366 0.011090381070971488953 0.011056768707931041718 0.011221510358154773712 0.011379966512322425842 0.011615806259214878082 0.011807720176875591278 0.01200667303055524826 0.012185418978333473206 0.012465674430131912231 0.012622955255210399628 0.012836101464927196503 0.012974327430129051208 0.01307916548103094101 0.013110077008605003357 0.013076066970825195313 0.013125260360538959503 0.013130016624927520752 0.012936497107148170471 0.012689773924648761749 0.012296267785131931305
0.010071294382214546204 0.0099966591224074363708 0.010108788497745990753 0.010392981581389904022 0.010784056037664413452 0.011198792606592178345 0.011543363332748413086 0.011719831265509128571 0.011794509366154670715 0.011840716004371643066 0.011983034200966358185 0.01211441773921251297 0.012425716035068035126 0.012737590819597244263 0.01274562440812587738 0.012445043772459030151 0.012024804018437862396 0.011623182334005832672 0.0113039407879114151 0.011163033545017242432 0.011222444474697113037 0.011499321088194847107 0.011756158433854579926 0.012070774100720882416 0.012294570915400981903 0.012535576708614826202 0.012755521573126316071 0.013072703033685684204 0.013284080661833286285 0.013570300303399562836 0.013778294436633586884 0.013848965056240558624 0.013776663690805435181 0.013598625548183917999 0.013437694869935512543 0.013226901181042194366 0.012807658873498439789 0.0123159065842628479 0.011709924787282943726
0.010173839516937732697 0.010073424316942691803 0.010142874903976917267 0.010401555337011814117 0.010765200480818748474 0.01117793843150138855 0.011553650721907615662 0.011762601323425769806 0.011847306974232196808 0.011908139102160930634 0.012046848423779010773 0.012153492309153079987 0.012441165745258331299 0.012685160152614116669 0.012684050016105175018 0.012395733967423439026 0.01199017651379108429 0.011630832217633724213 0.011374069377779960632 0.011277428828179836273 0.011433239094913005829 0.011840883642435073853 0.012240812182426452637 0.012686258181929588318 0.013000659644603729248 0.013305998407304286957 0.013538063503801822662 0.013808709569275379181 0.013964305631816387177 0.014221948571503162384 0.014426216483116149902 0.014424945227801799774 0.014261954464018344879 0.013980856165289878845 0.013659307733178138733 0.013283781707286834717 0.012678676284849643707 0.01197343878448009491 0.011183499358594417572
0.010322213172912597656 0.010165966115891933441 0.010167411528527736664 0.010383561253547668457 0.010718503035604953766 0.011138373054563999176 0.011564330197870731354 0.011829097755253314972 0.011930190958082675934 0.012001685798168182373 0.012120662257075309753 0.012212650850415229797 0.012476110830903053284 0.01267344597727060318 0.012701889500021934509 0.012460065074265003204 0.012084065936505794525 0.011767610907554626465 0.011585259810090065002 0.011561684310436248779 0.011907026171684265137 0.01262326166033744812 0.013436662964522838593 0.014290273189544677734 0.014939860440790653229 0.015436312183737754822 0.015611107461154460907 0.015579500235617160797 0.015305284410715103149 0.015169389545917510986 0.015061207115650177002 0.014786999672651290894 0.014455973170697689056 0.014097350649535655975 0.013689627870917320251 0.013222938403487205505 0.012507981620728969574 0.011663818731904029846 0.010755180381238460541
0.010664309374988079071 0.010487601161003112793 0.010435800999402999878 0.01059714239090681076 0.010886318981647491455 0.011275559663772583008 0.011724338866770267487 0.012025589123368263245 0.012118734419345855713 0.012170718982815742493 0.012226542457938194275 0.0122705874964594841 0.012467182241380214691 0.012608075514435768127 0.012671628966927528381 0.012535111978650093079 0.012242557480931282043 0.012007759883999824524 0.011921546421945095062 0.011991132050752639771 0.012563222087919712067 0.013651821762323379517 0.015014224685728549957 0.016426755115389823914 0.017569057643413543701 0.018345918506383895874 0.018425496295094490051 0.017922807484865188599 0.016993090510368347168 0.016236865893006324768 0.015627000480890274048 0.014955813996493816376 0.014407993294298648834 0.013979030773043632507 0.013507084921002388 0.012973632663488388062 0.0121709480881690979 0.01123987976461648941 0.010266509838402271271
0.011056551709771156311 0.010870409198105335236 0.010799909941852092743 0.01094321906566619873 0.011229703202843666077 0.011648154817521572113 0.01216241251677274704 0.012524106539785861969 0.012600040063261985779 0.012579905800521373749 0.012508067302405834198 0.012478626333177089691 0.012573603540658950806 0.012667506933212280273 0.012808635830879211426 0.012827130034565925598 0.012682073749601840973 0.012571605853736400604 0.012628416530787944794 0.01285162661224603653 0.013713662512600421906 0.015242380090057849884 0.01723429560661315918 0.019256195053458213806 0.020897299051284790039 0.021905466914176940918 0.02173051983118057251 0.020564472302794456482 0.018765101209282875061 0.017214408144354820251 0.015972904860973358154 0.01485379878431558609 0.014113985933363437653 0.013667150400578975677 0.013201215304434299469 0.012653003446757793427 0.011824526824057102203 0.010867798700928688049 0.0098731676116585731506
0.011432319879531860352 0.011316995136439800262 0.011363396421074867249 0.011643096804618835449 0.012116900645196437836 0.012749533168971538544 0.013461245223879814148 0.013913443312048912048 0.013891682960093021393 0.013624662533402442932 0.013212342746555805206 0.012927474454045295715 0.012768246233463287354 0.012747967615723609924 0.012949977070093154907 0.013154378160834312439 0.013210693374276161194 0.013259876519441604614 0.013488736934959888458 0.013892577029764652252 0.015067588537931442261 0.017066873610019683838 0.019725050777196884155 0.02237150631844997406 0.024493653327226638794 0.025689732283353805542 0.02518342435359954834 0.023281037807464599609 0.020525803789496421814 0.018108431249856948853 0.016196357086300849915 0.014617134816944599152 0.013691358268260955811 0.013235580176115036011 0.012802146375179290771 0.012273563072085380554 0.011491270735859870911 0.010629096999764442444 0.0097525417804718017578
0.011885561048984527588 0.011898159049451351166 0.0121396603062748909 0.012651164084672927856 0.013442690484225749969 0.0143934665247797966 0.015360598452389240265 0.015896571800112724304 0.015730725601315498352 0.015135332010686397552 0.014292339794337749481 0.013673040084540843964 0.013219543732702732086 0.013064024969935417175 0.013300203718245029449 0.013702169060707092285 0.013992418535053730011 0.014225235208868980408 0.014632192440330982208 0.015216568484902381897 0.016660925000905990601 0.019004486501216888428 0.022078974172472953796 0.025049241259694099426 0.027336897328495979309 0.028480539098381996155 0.027602426707744598389 0.025117132812738418579 0.021650385111570358276 0.018610646948218345642 0.01623235456645488739 0.014315715990960597992 0.01324294600635766983 0.012756566517055034637 0.012341203168034553528 0.011835880577564239502 0.011154884472489356995 0.010481913574039936066 0.009853993542492389679
0.012394788675010204315 0.012523048557341098785 0.01297562476247549057 0.01378094404935836792 0.014974895864725112915 0.016361266374588012695 0.01767063140869140625 0.018348116427659988403 0.018073556944727897644 0.017154095694422721863 0.015848137438297271729 0.014815214090049266815 0.013986578211188316345 0.013615595176815986633 0.013808518648147583008 0.014335093088448047638 0.014867339283227920532 0.015337934717535972595 0.01598593592643737793 0.016818042844533920288 0.01851346530020236969 0.021010095253586769104 0.024074949324131011963 0.02686983160674571991 0.028857076540589332581 0.029676780104637145996 0.028497172519564628601 0.025826597586274147034 0.022232670336961746216 0.019096780568361282349 0.01660767383873462677 0.014505737461149692535 0.013268291950225830078 0.012640092521905899048 0.012144888751208782196 0.011598164215683937073 0.010995467193424701691 0.010533408261835575104 0.010199823416769504547
0.013038931414484977722 0.013213519938290119171 0.013844727538526058197 0.014963012188673019409 0.016633378341794013977 0.01856973208487033844 0.020307706668972969055 0.021189985796809196472 0.02088577859103679657 0.019736768677830696106 0.018006626516580581665 0.016483018174767494202 0.01518389582633972168 0.014474809169769287109 0.014485841616988182068 0.015002340078353881836 0.015682689845561981201 0.016342530027031898499 0.017177155241370201111 0.018177086487412452698 0.019957426935434341431 0.022326670587062835693 0.024963824078440666199 0.027214024215936660767 0.028614498674869537354 0.028975415974855422974 0.027660321444272994995 0.025252824649214744568 0.022163152694702148438 0.019504342228174209595 0.017317950725555419922 0.015225619077682495117 0.013819378800690174103 0.012937841005623340607 0.01223773416131734848 0.011560368351638317108 0.010988078080117702484 0.010731109417974948883 0.010732150636613368988
0.01424714457243680954 0.014456713572144508362 0.015270429663360118866 0.016700131818652153015 0.018804540857672691345 0.021188095211982727051 0.02316214144229888916 0.024034703150391578674 0.023580696433782577515 0.022191984578967094421 0.020095929503440856934 0.018083840608596801758 0.016322411596775054932 0.015267855487763881683 0.01508390624076128006 0.01557255815714597702 0.016421280801296234131 0.017325054854154586792 0.018346620723605155945 0.019456537440419197083 0.021159077063202857971 0.023139089345932006836 0.024998854845762252808 0.02640753425657749176 0.027006011456251144409 0.026814082637429237366 0.025485394522547721863 0.023604769259691238403 0.021384757012128829956 0.01954534091055393219 0.017955277115106582642 0.016090288758277893066 0.0146122761070728302 0.013516284525394439697 0.012628302909433841705 0.011834452860057353973 0.01128283422440290451 0.011202082037925720215 0.01149318646639585495
0.015860289335250854492 0.01592871546745300293 0.016727292910218238831 0.018235797062516212463 0.020469099283218383789 0.023021087050437927246 0.025004712864756584167 0.025759745389223098755 0.025201819837093353271 0.023718805983662605286 0.021461652591824531555 0.019103229045867919922 0.016959534958004951477 0.015599684789776802063 0.015274439007043838501 0.015764679759740829468 0.01684523560106754303 0.018121717497706413269 0.019426340237259864807 0.020675748586654663086 0.022242333739995956421 0.023721087723970413208 0.024637464433908462524 0.025047861039638519287 0.024737469851970672607 0.024026760831475257874 0.022861354053020477295 0.02168338187038898468 0.020537756383419036865 0.019737645983695983887 0.018945593386888504028 0.017467269673943519592 0.0159967765212059021 0.014686840586364269257 0.013561408035457134247 0.012584066949784755707 0.011927475221455097198 0.011886692605912685394 0.012307184748351573944
0.017395474016666412354 0.017280327156186103821 0.018017122521996498108 0.019492726773023605347 0.021646024659276008606 0.024116629734635353088 0.025886762887239456177 0.026394892483949661255 0.025728791952133178711 0.024214103817939758301 0.021922681480646133423 0.019367033615708351135 0.016964174807071685791 0.015379744581878185272 0.014934431761503219604 0.015399830415844917297 0.016647946089506149292 0.018259070813655853271 0.01981447264552116394 0.02118961140513420105 0.022617284208536148071 0.023623071610927581787 0.023694587871432304382 0.023267852142453193665 0.02233036234974861145 0.021423969417810440063 0.020688669756054878235 0.020328931510448455811 0.020241355523467063904 0.020374692976474761963 0.020235717296600341797 0.019039828330278396606 0.017496224492788314819 0.015923887491226196289 0.014512594789266586304 0.013343638740479946136 0.012541988864541053772 0.012454139068722724915 0.012873833999037742615
0.018972739577293395996 0.018547743558883666992 0.019037781283259391785 0.020225396379828453064 0.021992051973938941956 0.024148352444171905518 0.025615368038415908813 0.025895690545439720154 0.025193931534886360168 0.023729050531983375549 0.021527517586946487427 0.018968354910612106323 0.016486104577779769897 0.014817592687904834747 0.014347603544592857361 0.01484434027224779129 0.016234530135989189148 0.018117813393473625183 0.019835323095321655273 0.021245403215289115906 0.022430337965488433838 0.022906243801116943359 0.022210920229554176331 0.02112450823187828064 0.019820159301161766052 0.018946267664432525635 0.018710011616349220276 0.019080715253949165344 0.019869264215230941772 0.02073797956109046936 0.021114520728588104248 0.020196041092276573181 0.018680267035961151123 0.016976276412606239319 0.015383141115307807922 0.014086300507187843323 0.013129362836480140686 0.012902243062853813171 0.013185596093535423279
0.019904546439647674561 0.019320867955684661865 0.019675139337778091431 0.020581014454364776611 0.021846886724233627319 0.023512499406933784485 0.02455497346818447113 0.024571953341364860535 0.023819673806428909302 0.022360939532518386841 0.020266110077500343323 0.017866149544715881348 0.015515493229031562805 0.01395740266889333725 0.013602447696030139923 0.014177898876368999481 0.015673888847231864929 0.017748065292835235596 0.019577896222472190857 0.021009339019656181335 0.022001426666975021362 0.022122537717223167419 0.0210094451904296875 0.019643040373921394348 0.018338987603783607483 0.017713436856865882874 0.017946716398000717163 0.018831040710210800171 0.020158415660262107849 0.021427502855658531189 0.022044612094759941101 0.021274397149682044983 0.019774626940488815308 0.017988996580243110657 0.016233682632446289063 0.014803810976445674896 0.013648792169988155365 0.013192980550229549408 0.013244315981864929199
0.020188553258776664734 0.019728554412722587585 0.020147912204265594482 0.020877908915281295776 0.021698789671063423157 0.022825432941317558289 0.023406127467751502991 0.023133670911192893982 0.02228635735809803009 0.020774088799953460693 0.018762892112135887146 0.016576969996094703674 0.014459569938480854034 0.013085370883345603943 0.012819519266486167908 0.013406788930296897888 0.014849379658699035645 0.01691872812807559967 0.018736794590950012207 0.020186105743050575256 0.02112814784049987793 0.021202614530920982361 0.020146569237112998962 0.018929254263639450073 0.017956312745809555054 0.017725456506013870239 0.01837099902331829071 0.019553039222955703735 0.021095400676131248474 0.022418320178985595703 0.02298547700047492981 0.022194743156433105469 0.020641211420297622681 0.018777158111333847046 0.016875583678483963013 0.015326479449868202209 0.01399997808039188385 0.01333809923380613327 0.013210502453148365021
