inst/extdata/suitability.asc
ncols        206
nrows        144
xllcorner    302881.295311500318
yllcorner    4379415.244138401933
cellsize     270.000000000000
NODATA_value nan
[rows 85 to 101 of 144, columns 156 to 194 of 206]
0.32868671417236328125 0.34519836306571960449 0.34999367594718933105 0.3407109677791595459 0.31764295697212219238 0.28617209196090698242 0.25907117128372192383 0.23713755607604980469 0.22262349724769592285 0.21280913054943084717 0.20697513222694396973 0.20355623960494995117 0.20234619081020355225 0.2057927250862121582 0.21381145715713500977 0.22049944102764129639 0.22492113709449768066 0.22617368400096893311 0.22407418489456176758 0.21737492084503173828 0.20543804764747619629 0.190385475754737854 0.17750431597232818604 0.16669003665447235107 0.16014187037944793701 0.15815030038356781006 0.15973360836505889893 0.16371482610702514648 0.16897119581699371338 0.17162552475929260254 0.17033308744430541992 0.16479903459548950195 0.15686690807342529297 0.14517289400100708008 0.1325966566801071167 0.12181767076253890991 0.11430814117193222046 0.11129228770732879639 0.10873834043741226196
0.34588268399238586426 0.36113113164901733398 0.36446398496627807617 0.35225653648376464844 0.32298919558525085449 0.283420562744140625 0.24997934699058532715 0.22315101325511932373 0.2064475715160369873 0.19621717929840087891 0.19213934242725372314 0.19204722344875335693 0.19424834847450256348 0.1998593062162399292 0.21021473407745361328 0.21980668604373931885 0.22655482590198516846 0.23094996809959411621 0.23213224112987518311 0.22761523723602294922 0.21676407754421234131 0.20179334282875061035 0.18815323710441589355 0.17652624845504760742 0.16993099451065063477 0.16785201430320739746 0.16953158378601074219 0.17368689179420471191 0.17867752909660339355 0.18123343586921691895 0.18042169511318206787 0.17448984086513519287 0.1642452627420425415 0.14775189757347106934 0.12994715571403503418 0.11530741304159164429 0.10601488500833511353 0.10358609259128570557 0.10265228897333145142
0.34523600339889526367 0.35930496454238891602 0.36072072386741638184 0.34556838870048522949 0.31220605969429016113 0.26882922649383544922 0.23346492648124694824 0.2060225754976272583 0.19038037955760955811 0.18235719203948974609 0.18142645061016082764 0.18489496409893035889 0.18950282037258148193 0.19468681514263153076 0.20297414064407348633 0.21072748303413391113 0.21650977432727813721 0.22230881452560424805 0.22670726478099822998 0.22590564191341400146 0.21865415573120117188 0.20592491328716278076 0.19306312501430511475 0.18155324459075927734 0.17494657635688781738 0.17284977436065673828 0.17479555308818817139 0.17922167479991912842 0.18432098627090454102 0.18722774088382720947 0.18774437904357910156 0.18292485177516937256 0.17233838140964508057 0.15287870168685913086 0.13036888837814331055 0.11157142370939254761 0.099700339138507843018 0.096678726375102996826 0.096388451755046844482
0.32583853602409362793 0.33726027607917785645 0.33557748794555664063 0.31843918561935424805 0.28515493869781494141 0.24431106448173522949 0.21264022588729858398 0.18902662396430969238 0.17684154212474822998 0.17202863097190856934 0.17390619218349456787 0.17954142391681671143 0.18507079780101776123 0.18828244507312774658 0.19265837967395782471 0.19640076160430908203 0.19961403310298919678 0.20501586794853210449 0.21133185923099517822 0.21393539011478424072 0.21083927154541015625 0.20161271095275878906 0.19094328582286834717 0.18110169470310211182 0.17506225407123565674 0.17356096208095550537 0.17644777894020080566 0.18146346509456634521 0.18646545708179473877 0.1890926361083984375 0.189760550856590271 0.18563400208950042725 0.17606019973754882813 0.15667997300624847412 0.13193117082118988037 0.10993898659944534302 0.095144286751747131348 0.090047493577003479004 0.088788501918315887451
0.28774118423461914063 0.29407855868339538574 0.28905591368675231934 0.27279412746429443359 0.24499458074569702148 0.21289531886577606201 0.18953636288642883301 0.17303426563739776611 0.16569909453392028809 0.16421611607074737549 0.16795378923416137695 0.17423327267169952393 0.17915414273738861084 0.17979499697685241699 0.18019381165504455566 0.17994534969329833984 0.18072140216827392578 0.18507924675941467285 0.19234216213226318359 0.19753035902976989746 0.19797779619693756104 0.19235527515411376953 0.18436537683010101318 0.17672362923622131348 0.1715196073055267334 0.17103703320026397705 0.17551973462104797363 0.18215829133987426758 0.18786388635635375977 0.19022773206233978271 0.18966482579708099365 0.1844939887523651123 0.17548076808452606201 0.15820458531379699707 0.13418412208557128906 0.11114475876092910767 0.094180047512054443359 0.086179777979850769043 0.082403391599655151367
0.24209573864936828613 0.24370221793651580811 0.23834618926048278809 0.2272380143404006958 0.20908188819885253906 0.18851937353610992432 0.17432717978954315186 0.16502049565315246582 0.16195711493492126465 0.16279502213001251221 0.16692364215850830078 0.17219300568103790283 0.17506459355354309082 0.1724764406681060791 0.16894696652889251709 0.16498614847660064697 0.1633837968111038208 0.16619232296943664551 0.17344884574413299561 0.18012827634811401367 0.18302117288112640381 0.1803410649299621582 0.17463740706443786621 0.16866520047187805176 0.16405966877937316895 0.16454482078552246094 0.17098493874073028564 0.18062129616737365723 0.1888882368803024292 0.19244389235973358154 0.19092459976673126221 0.18364667892456054688 0.17388558387756347656 0.15871424973011016846 0.13701143860816955566 0.11463976651430130005 0.096349887549877166748 0.084959976375102996826 0.077569566667079925537
0.20135828852653503418 0.19863899052143096924 0.19466768205165863037 0.18979644775390625 0.18100661039352416992 0.17053702473640441895 0.16395403444766998291 0.16050890088081359863 0.16063016653060913086 0.16294680535793304443 0.1668580174446105957 0.17083553969860076904 0.17182977497577667236 0.16696757078170776367 0.16102504730224609375 0.15479400753974914551 0.15151567757129669189 0.15269558131694793701 0.15880170464515686035 0.16526752710342407227 0.16861556470394134521 0.16704148054122924805 0.16223268210887908936 0.1563196331262588501 0.15149863064289093018 0.15195380151271820068 0.1593395620584487915 0.17203634977340698242 0.1841678321361541748 0.19085092842578887939 0.19000433385372161865 0.18105039000511169434 0.16980181634426116943 0.15588651597499847412 0.13701929152011871338 0.11679927259683609009 0.098578602075576782227 0.084608294069766998291 0.074074976146221160889
0.16842962801456451416 0.1617024540901184082 0.15938106179237365723 0.16000701487064361572 0.15897049009799957275 0.156793251633644104 0.15636968612670898438 0.15767359733581542969 0.16051526367664337158 0.16394096612930297852 0.16766224801540374756 0.17083184421062469482 0.17101584374904632568 0.16577443480491638184 0.1600262075662612915 0.15394695103168487549 0.15047720074653625488 0.15067856013774871826 0.15475480258464813232 0.15902125835418701172 0.16017764806747436523 0.15715795755386352539 0.15105260908603668213 0.14343272149562835693 0.1374969482421875 0.13668426871299743652 0.14314693212509155273 0.15673959255218505859 0.17162539064884185791 0.18196107447147369385 0.18379870057106018066 0.17536267638206481934 0.16348540782928466797 0.15030087530612945557 0.13397075235843658447 0.11650514602661132813 0.099650666117668151855 0.084643326699733734131 0.07218968123197555542
0.15821392834186553955 0.14845921099185943604 0.14644233882427215576 0.14893071353435516357 0.15089137852191925049 0.15241083502769470215 0.15473890304565429688 0.15833580493927001953 0.16257752478122711182 0.16626405715942382813 0.16963508725166320801 0.17210660874843597412 0.17188175022602081299 0.16722717881202697754 0.16270624101161956787 0.15760371088981628418 0.15454304218292236328 0.15395325422286987305 0.15573251247406005859 0.157125130295753479 0.15517114102840423584 0.14984948933124542236 0.14201182126998901367 0.13260789215564727783 0.12582045793533325195 0.12374056875705718994 0.1282243877649307251 0.14039476215839385986 0.15548472106456756592 0.16797485947608947754 0.17302995920181274414 0.16738863289356231689 0.15683633089065551758 0.14469636976718902588 0.13024863600730895996 0.11505903303623199463 0.099954061210155487061 0.085152857005596160889 0.072160929441452026367
0.16454948484897613525 0.15126143395900726318 0.14755062758922576904 0.148878440260887146 0.15048184990882873535 0.15262991189956665039 0.15578067302703857422 0.16020019352436065674 0.16531524062156677246 0.16927333176136016846 0.17260317504405975342 0.17471714317798614502 0.17433658242225646973 0.17053508758544921875 0.1671186983585357666 0.16282394528388977051 0.16000621020793914795 0.15850281715393066406 0.15796212852001190186 0.15679614245891571045 0.15231277048587799072 0.14540192484855651855 0.13670982420444488525 0.12657822668552398682 0.11960958689451217651 0.11659730225801467896 0.11891606450080871582 0.12829834222793579102 0.14126372337341308594 0.15363056957721710205 0.16062119603157043457 0.15795241296291351318 0.14959177374839782715 0.13880969583988189697 0.12572804093360900879 0.11216156929731369019 0.098796226084232330322 0.085338480770587921143 0.07346770167350769043
0.17793554067611694336 0.16281469166278839111 0.15734130144119262695 0.15591970086097717285 0.15489828586578369141 0.15529227256774902344 0.15765957534313201904 0.16178707778453826904 0.16739346086978912354 0.17177332937717437744 0.1757119596004486084 0.17803613841533660889 0.17798674106597900391 0.17532719671726226807 0.172685280442237854 0.16848072409629821777 0.16511249542236328125 0.16192966699600219727 0.15858924388885498047 0.15476199984550476074 0.1482420116662979126 0.14081105589866638184 0.13259245455265045166 0.12311825156211853027 0.11686926335096359253 0.11357045918703079224 0.11419736593961715698 0.12046168744564056396 0.13042780756950378418 0.1413869708776473999 0.14904315769672393799 0.14850977063179016113 0.14232291281223297119 0.13317972421646118164 0.12141616642475128174 0.10926034301519393921 0.097652614116668701172 0.086156234145164489746 0.076225414872169494629
0.19908075034618377686 0.18542821705341339111 0.17904826998710632324 0.17369525134563446045 0.16742762923240661621 0.16280691325664520264 0.16162370145320892334 0.1632925570011138916 0.16785879433155059814 0.17205603420734405518 0.17686332762241363525 0.18010313808917999268 0.18107762932777404785 0.18020306527614593506 0.17866520583629608154 0.17463916540145874023 0.17044530808925628662 0.16535912454128265381 0.15925608575344085693 0.15298554301261901855 0.14491887390613555908 0.13754993677139282227 0.13065323233604431152 0.12268678843975067139 0.11764834076166152954 0.11487463861703872681 0.115134410560131073 0.11933700740337371826 0.12705446779727935791 0.13648863136768341064 0.14362177252769470215 0.14354026317596435547 0.13832809031009674072 0.13025087118148803711 0.1194832921028137207 0.10836938768625259399 0.098239712417125701904 0.088637992739677429199 0.080487743020057678223
0.22515036165714263916 0.21537505090236663818 0.20889228582382202148 0.19942775368690490723 0.18684974312782287598 0.17522372305393218994 0.16859176754951477051 0.16609364748001098633 0.16819787025451660156 0.17162324488162994385 0.17753651738166809082 0.18283003568649291992 0.18609027564525604248 0.18802760541439056396 0.18828094005584716797 0.1848290562629699707 0.17983612418174743652 0.17284166812896728516 0.16447295248508453369 0.15633088350296020508 0.14747855067253112793 0.14052593708038330078 0.13531441986560821533 0.12919566035270690918 0.12572939693927764893 0.12429542094469070435 0.12574103474617004395 0.12986035645008087158 0.13679033517837524414 0.14506611227989196777 0.15045416355133056641 0.14833778142929077148 0.14165188372135162354 0.13280735909938812256 0.12215472012758255005 0.11150462925434112549 0.10224926471710205078 0.093909643590450286865 0.086795583367347717285
0.24871553480625152588 0.24472631514072418213 0.2401631474494934082 0.22870688140392303467 0.21162720024585723877 0.1937287747859954834 0.18113572895526885986 0.17340755462646484375 0.17142164707183837891 0.17317470908164978027 0.17975638806819915771 0.18749055266380310059 0.19376927614212036133 0.1992676854133605957 0.20155589282512664795 0.19828301668167114258 0.19154782593250274658 0.18186664581298828125 0.17127440869808197021 0.16134944558143615723 0.15254588425159454346 0.14684937894344329834 0.144189491868019104 0.14079964160919189453 0.13983398675918579102 0.14078542590141296387 0.14461293816566467285 0.15002961456775665283 0.15678845345973968506 0.16343063116073608398 0.16576090455055236816 0.16005685925483703613 0.15049044787883758545 0.13978643715381622314 0.12857544422149658203 0.11789184808731079102 0.10882125049829483032 0.10079675912857055664 0.09363511204719543457
0.26718062162399291992 0.27022203803062438965 0.27064371109008789063 0.26179516315460205078 0.2447710186243057251 0.22307051718235015869 0.20439329743385314941 0.18964095413684844971 0.18078844249248504639 0.17881561815738677979 0.18474330008029937744 0.19466763734817504883 0.20453363656997680664 0.21414984762668609619 0.21881662309169769287 0.21570242941379547119 0.20659607648849487305 0.19382452964782714844 0.18108400702476501465 0.16947235167026519775 0.16098436713218688965 0.15686856210231781006 0.15695218741893768311 0.15658260881900787354 0.15888229012489318848 0.16340678930282592773 0.17125305533409118652 0.17969998717308044434 0.18693338334560394287 0.19153530895709991455 0.18941208720207214355 0.17849712073802947998 0.16461567580699920654 0.15109193325042724609 0.13888514041900634766 0.1280148923397064209 0.11876391619443893433 0.11035417020320892334 0.10235457867383956909
0.27982923388481140137 0.28753179311752319336 0.29215779900550842285 0.28730693459510803223 0.27315255999565124512 0.2505658566951751709 0.22733977437019348145 0.20609013736248016357 0.18998463451862335205 0.18397305905818939209 0.18924474716186523438 0.2017250359058380127 0.2161518484354019165 0.23086348176002502441 0.23882125318050384521 0.23626816272735595703 0.22484853863716125488 0.20889723300933837891 0.19386272132396697998 0.18004076182842254639 0.17130492627620697021 0.16834847629070281982 0.17050257325172424316 0.17263364791870117188 0.17796252667903900146 0.1864086538553237915 0.19818903505802154541 0.20971827208995819092 0.2169730067253112793 0.218265533447265625 0.2104158252477645874 0.19362092018127441406 0.17550680041313171387 0.15986898541450500488 0.1477006375789642334 0.13791263103485107422 0.12943354249000549316 0.12102399766445159912 0.1121223941445350647
0.28874039649963378906 0.29794868826866149902 0.30406144261360168457 0.3019885718822479248 0.29157072305679321289 0.27074664831161499023 0.24584899842739105225 0.22053845226764678955 0.19839304685592651367 0.18828277289867401123 0.19188544154167175293 0.20561055839061737061 0.22416454553604125977 0.24416323006153106689 0.2565466761589050293 0.25643551349639892578 0.2449464648962020874 0.22791039943695068359 0.21185989677906036377 0.19593690335750579834 0.18601144850254058838 0.18274810910224914551 0.18451622128486633301 0.18675406277179718018 0.19305154681205749512 0.20383173227310180664 0.21765893697738647461 0.23067598044872283936 0.23684802651405334473 0.23411664366722106934 0.22071471810340881348 0.19919751584529876709 0.17876091599464416504 0.16339883208274841309 0.15341423451900482178 0.1465079188346862793 0.13987930119037628174 0.13177116215229034424 0.12175925076007843018
