inst/extdata/suitability.asc
ncols        206
nrows        144
xllcorner    302881.295311500318
yllcorner    4379415.244138401933
cellsize     270.000000000000
NODATA_value nan
[rows 17 to 33 of 144, columns 78 to 116 of 206]
0.020085847005248069763 0.020014209672808647156 0.020618716254830360413 0.021218160167336463928 0.02163347974419593811 0.022236164659261703491 0.022362781688570976257 0.021798720583319664001 0.020855613052845001221 0.019374663010239601135 0.017591590061783790588 0.015775129199028015137 0.014060431160032749176 0.012922418303787708282 0.01265064626932144165 0.013072563335299491882 0.014237197116017341614 0.016060600057244300842 0.017712753266096115112 0.019180638715624809265 0.02022682875394821167 0.020502841100096702576 0.019734174013137817383 0.018760841339826583862 0.018082398921251296997 0.01808896288275718689 0.018916836008429527283 0.02016879059374332428 0.021733896806836128235 0.022955315187573432922 0.023373657837510108948 0.022537522017955780029 0.020933495834469795227 0.019032163545489311218 0.017054319381713867188 0.015447118319571018219 0.014036662876605987549 0.013239142484962940216 0.013001044280827045441
0.019898699596524238586 0.020235398784279823303 0.02107775956392288208 0.021585537120699882507 0.02168340049684047699 0.021830456331372261047 0.021533291786909103394 0.020684558898210525513 0.019668024033308029175 0.018306473270058631897 0.016857914626598358154 0.015490728430449962616 0.014255943708121776581 0.013359379954636096954 0.012980786152184009552 0.013071878813207149506 0.013770708814263343811 0.015148587524890899658 0.016544362530112266541 0.018114643171429634094 0.019522797316312789917 0.020368218421936035156 0.020214399322867393494 0.019642019644379615784 0.01920602843165397644 0.019209166988730430603 0.019869677722454071045 0.020857663825154304504 0.022175604477524757385 0.023141110315918922424 0.023358607664704322815 0.022484557703137397766 0.020841393619775772095 0.018924279138445854187 0.016909195110201835632 0.015276968479156494141 0.013846030458807945251 0.012980707921087741852 0.01271576806902885437
0.021596569567918777466 0.021862644702196121216 0.022191565483808517456 0.02212255820631980896 0.021771667525172233582 0.021497949957847595215 0.02081760019063949585 0.01972171291708946228 0.018688736483454704285 0.017573911696672439575 0.016575874760746955872 0.015739541500806808472 0.015077099204063415527 0.014478026889264583588 0.013953071087598800659 0.013614199124276638031 0.013706527650356292725 0.014493132010102272034 0.015490772202610969543 0.017041290178894996643 0.018785970285534858704 0.020268904045224189758 0.020816788077354431152 0.020694741979241371155 0.02045273222029209137 0.020300228148698806763 0.02058046683669090271 0.021079648286104202271 0.021984290331602096558 0.02263364940881729126 0.022692281752824783325 0.021881619468331336975 0.020315323024988174438 0.018530430272221565247 0.016615781933069229126 0.015047623775899410248 0.013704080134630203247 0.01288850884884595871 0.012707100249826908112
0.024068454280495643616 0.024687588214874267578 0.02485135197639465332 0.024136133491992950439 0.022963140159845352173 0.021762058138847351074 0.02043644338846206665 0.019025674089789390564 0.018052259460091590881 0.017369568347930908203 0.016981335356831550598 0.016772188246250152588 0.016756208613514900208 0.016502376645803451538 0.015805242583155632019 0.014926652424037456512 0.014297697693109512329 0.01441106107085943222 0.014993483200669288635 0.016516443341970443726 0.018618416041135787964 0.02076162584125995636 0.021968137472867965698 0.022199360653758049011 0.021974099799990653992 0.021448651328682899475 0.0211048908531665802 0.020895885303616523743 0.02123564109206199646 0.021492119878530502319 0.021404333412647247314 0.020754348486661911011 0.019420161843299865723 0.017940981313586235046 0.016287624835968017578 0.014883589930832386017 0.013682907447218894958 0.012937479652464389801 0.012780857272446155548
0.027503691613674163818 0.027935661375522613525 0.027594981715083122253 0.026343479752540588379 0.024841284379363059998 0.023288164287805557251 0.021530810743570327759 0.019789353013038635254 0.018746193498373031616 0.018294902518391609192 0.018305748701095581055 0.018497100099921226501 0.018920961767435073853 0.018946202471852302551 0.018109694123268127441 0.01670004427433013916 0.015334043651819229126 0.014779578894376754761 0.014939046464860439301 0.016346752643585205078 0.018629847094416618347 0.021174713969230651855 0.022752065211534500122 0.023166960105299949646 0.022834861651062965393 0.021942088380455970764 0.021052936092019081116 0.020265474915504455566 0.020152926445007324219 0.020124077796936035156 0.019965985789895057678 0.019504752010107040405 0.018433852121233940125 0.017252756282687187195 0.015875848010182380676 0.014637426473200321198 0.01358646247535943985 0.012913794256746768951 0.012745302170515060425
0.031556714326143264771 0.031124109402298927307 0.029884874820709228516 0.0279302205890417099 0.026174105703830718994 0.024503853172063827515 0.022731658071279525757 0.021138610318303108215 0.020512863993644714355 0.020672380924224853516 0.021165514364838600159 0.021579656749963760376 0.021977029740810394287 0.021734291687607765198 0.020569296553730964661 0.01863839663565158844 0.016596857458353042603 0.01547871716320514679 0.015244417823851108551 0.016407180577516555786 0.018581356853246688843 0.021091485396027565002 0.022671608254313468933 0.023108454421162605286 0.022673960775136947632 0.021597597748041152954 0.02041927725076675415 0.019310606643557548523 0.01888773404061794281 0.018645612522959709167 0.018449772149324417114 0.018173867836594581604 0.017397709190845489502 0.016563909128308296204 0.0155237540602684021 0.014493693597614765167 0.013629135675728321075 0.01303669903427362442 0.012827205471694469452
0.036984127014875411987 0.035051234066486358643 0.032446689903736114502 0.029431870207190513611 0.027206718921661376953 0.025402599945664405823 0.023732777684926986694 0.022401353344321250916 0.022265048697590827942 0.023022802546620368958 0.023994281888008117676 0.024701170623302459717 0.025191340595483779907 0.025009935721755027771 0.023793030530214309692 0.021542022004723548889 0.018904391676187515259 0.017136245965957641602 0.016409199684858322144 0.017143344506621360779 0.018901791423559188843 0.020976539701223373413 0.022293448448181152344 0.022647025063633918762 0.022110642865300178528 0.020989041775465011597 0.019660368561744689941 0.018327735364437103271 0.017640799283981323242 0.017228964716196060181 0.017064906656742095947 0.017048681154847145081 0.016691833734512329102 0.016283927485346794128 0.015608934685587882996 0.014755855314433574677 0.013997540809214115143 0.013398089446127414703 0.013061548583209514618
0.043921735137701034546 0.040267150849103927612 0.036250945180654525757 0.032139103859663009644 0.02935259602963924408 0.02737146429717540741 0.025743775069713592529 0.024490488693118095398 0.024617053568363189697 0.025686426088213920593 0.026902519166469573975 0.027743229642510414124 0.028170339763164520264 0.027954185381531715393 0.026778044179081916809 0.024483179673552513123 0.021673420444130897522 0.019740406423807144165 0.018787046894431114197 0.01922187022864818573 0.02053239382803440094 0.022018847987055778503 0.022780032828450202942 0.02284474298357963562 0.02218748629093170166 0.021091181784868240356 0.019745383411645889282 0.01829129830002784729 0.017372915521264076233 0.016765551641583442688 0.016546621918678283691 0.01664784550666809082 0.016572853550314903259 0.016411729156970977783 0.015914771705865859985 0.015091194771230220795 0.014351197518408298492 0.013706532306969165802 0.013253723271191120148
0.051032502204179763794 0.046158701181411743164 0.041225105524063110352 0.036503311246633529663 0.033500697463750839233 0.031600542366504669189 0.030115423724055290222 0.028763893991708755493 0.028740203008055686951 0.029534002766013145447 0.030408810824155807495 0.030939187854528427124 0.030968302860856056213 0.030460244044661521912 0.029120085760951042175 0.026715962216258049011 0.023895952850580215454 0.022051222622394561768 0.021164139732718467712 0.021576460450887680054 0.02273979969322681427 0.023950422182679176331 0.024521475657820701599 0.024603858590126037598 0.023892195895314216614 0.022833526134490966797 0.021372126415371894836 0.019681010395288467407 0.018452106043696403503 0.01758515089750289917 0.017253417521715164185 0.017389435321092605591 0.017524888738989830017 0.017509225755929946899 0.017096603289246559143 0.01621392369270324707 0.015416930429637432098 0.014676803722977638245 0.014153127558529376984
0.057840809226036071777 0.052374143153429031372 0.047045778483152389526 0.042155541479587554932 0.039120908826589584351 0.037363547831773757935 0.035910665988922119141 0.034226480871438980103 0.03362708166241645813 0.03363988921046257019 0.033704884350299835205 0.033575195819139480591 0.032940793782472610474 0.031969364732503890991 0.030368693172931671143 0.027843911200761795044 0.025180418044328689575 0.023638915270566940308 0.023061027750372886658 0.023720428347587585449 0.02502186410129070282 0.02627065218985080719 0.026900529861450195313 0.027175975963473320007 0.026534050703048706055 0.025470230728387832642 0.023771470412611961365 0.021703328937292098999 0.019997667521238327026 0.018764961510896682739 0.018252482637763023376 0.018349325284361839294 0.018679359927773475647 0.018796367570757865906 0.018451636657118797302 0.017535187304019927979 0.016699321568012237549 0.015902524814009666443 0.015335379168391227722
0.06460361182689666748 0.059103149920701980591 0.053910389542579650879 0.049318056553602218628 0.046405553817749023438 0.044598355889320373535 0.042793028056621551514 0.040332946926355361938 0.038621116429567337036 0.037334136664867401123 0.036171186715364456177 0.035109635442495346069 0.03362283855676651001 0.032105572521686553955 0.030233543366193771362 0.027661722153425216675 0.025308711454272270203 0.024184720590710639954 0.0240238923579454422 0.025112971663475036621 0.026825686916708946228 0.028405372053384780884 0.029339674860239028931 0.029911100864410400391 0.029373750090599060059 0.028238972648978233337 0.026210436597466468811 0.023674461990594863892 0.021406276151537895203 0.019752213731408119202 0.01901836879551410675 0.01903479360044002533 0.019520323723554611206 0.019769346341490745544 0.019505724310874938965 0.018633393570780754089 0.017815234139561653137 0.017033042386174201965 0.016526771709322929382
0.069510623812675476074 0.064264059066772460938 0.059686005115509033203 0.055973842740058898926 0.053610775619745254517 0.051965996623039245605 0.049870915710926055908 0.046728983521461486816 0.043820768594741821289 0.041111871600151062012 0.038471847772598266602 0.036168940365314483643 0.033649340271949768066 0.031587593257427215576 0.029527591541409492493 0.027040414512157440186 0.025089005008339881897 0.024402437731623649597 0.024673949927091598511 0.026201801374554634094 0.028396787121891975403 0.030422799289226531982 0.03168913722038269043 0.032407891005277633667 0.031801704317331314087 0.030403664335608482361 0.027928479015827178955 0.02486649341881275177 0.022077396512031555176 0.020081121474504470825 0.0191575661301612854 0.019073234871029853821 0.019660973921418190002 0.020053507760167121887 0.019943319261074066162 0.019269278272986412048 0.018607396632432937622 0.017983971163630485535 0.017651388421654701233
0.072729475796222686768 0.068052366375923156738 0.064471356570720672607 0.062033440917730331421 0.060481891036033630371 0.05909320339560508728 0.05675932765007019043 0.053081762045621871948 0.049071259796619415283 0.045027028769254684448 0.040837220847606658936 0.037201851606369018555 0.033770576119422912598 0.031345240771770477295 0.029262566938996315002 0.026968006044626235962 0.025354994460940361023 0.024861611425876617432 0.02531828172504901886 0.027009123936295509338 0.029500881209969520569 0.031867500394582748413 0.033388812094926834106 0.034147199243307113647 0.033394739031791687012 0.03170897066593170166 0.028862657025456428528 0.025490807369351387024 0.022459713742136955261 0.020374070852994918823 0.019393511116504669189 0.01921225525438785553 0.019769027829170227051 0.020184013992547988892 0.020157467573881149292 0.019683439284563064575 0.019234841689467430115 0.018856955692172050476 0.018768517300486564636
0.074378281831741333008 0.070621728897094726563 0.068333394825458526611 0.067337594926357269287 0.066614858806133270264 0.065441437065601348877 0.062929235398769378662 0.058798018842935562134 0.053689412772655487061 0.048268780112266540527 0.042531650513410568237 0.037666324526071548462 0.033659979701042175293 0.031251277774572372437 0.029492182657122612 0.027627179399132728577 0.026345172896981239319 0.025869548320770263672 0.026212323457002639771 0.027614193037152290344 0.029884399846196174622 0.032126646488904953003 0.033578049391508102417 0.034153174608945846558 0.033208798617124557495 0.031391292810440063477 0.028540555387735366821 0.025360954925417900085 0.022608172148466110229 0.020810345187783241272 0.01993002183735370636 0.019639058038592338562 0.019999088719487190247 0.02028023451566696167 0.020277017727494239807 0.019986590370535850525 0.019804492592811584473 0.01974277012050151825 0.01993948034942150116
0.074985444545745849609 0.072864502668380737305 0.072410918772220611572 0.073189213871955871582 0.073372825980186462402 0.072345010936260223389 0.069591470062732696533 0.064844161272048950195 0.058338519185781478882 0.051217071712017059326 0.043763268738985061646 0.037758957594633102417 0.033507842570543289185 0.03142771497368812561 0.030271602794528007507 0.029037773609161376953 0.028122795745730400085 0.027572581544518470764 0.027578717097640037537 0.028291957452893257141 0.029872028157114982605 0.031497873365879058838 0.032521810382604598999 0.032681301236152648926 0.031565073877573013306 0.029894398525357246399 0.027486676350235939026 0.025003807619214057922 0.023015318438410758972 0.021863488480448722839 0.021268522366881370544 0.020914640277624130249 0.020963082090020179749 0.020949475467205047607 0.02081407792866230011 0.020543966442346572876 0.020552497357130050659 0.020794836804270744324 0.021268542855978012085
0.077486619353294372559 0.077667802572250366211 0.079091861844062805176 0.081174507737159729004 0.081527002155780792236 0.07995907217264175415 0.076493903994560241699 0.07060788571834564209 0.062122296541929244995 0.052967507392168045044 0.04391133040189743042 0.037205100059509277344 0.033221311867237091064 0.031817760318517684937 0.031529009342193603516 0.031077796593308448792 0.030525971204042434692 0.029804026708006858826 0.029220741242170333862 0.028881587088108062744 0.029329515993595123291 0.029924845322966575623 0.030268413946032524109 0.030008202418684959412 0.028994839638471603394 0.027967974543571472168 0.026565261185169219971 0.025249257683753967285 0.024350464344024658203 0.023993175476789474487 0.023695655167102813721 0.023190043866634368896 0.022738603875041007996 0.022220997139811515808 0.021754853427410125732 0.021335888653993606567 0.021419400349259376526 0.021879244595766067505 0.022568739950656890869
0.085542537271976470947 0.087740927934646606445 0.090006783604621887207 0.092034250497817993164 0.091434068977832794189 0.088630706071853637695 0.08401409536600112915 0.076515562832355499268 0.065528206527233123779 0.05397434532642364502 0.043345775455236434937 0.036135524511337280273 0.032588750123977661133 0.031856566667556762695 0.032458893954753875732 0.032837774604558944702 0.032648671418428421021 0.031798385083675384521 0.030648315325379371643 0.029295399785041809082 0.028617253527045249939 0.028202930465340614319 0.027916528284549713135 0.027445508167147636414 0.026779005303978919983 0.026711544021964073181 0.026638895273208618164 0.026728361845016479492 0.027043379843235015869 0.0274888649582862854 0.027416298165917396545 0.026593867689371109009 0.025438128039240837097 0.024170435965061187744 0.023157462477684020996 0.022377386689186096191 0.022397432476282119751 0.022958591580390930176 0.02379950694739818573
